Игорь А.В. 2003 110101 5.5 5.6 9 7.1 6.8
Федункив К.Н. 2001 110101 6.7 8.9 9.7 5.9 7.8
Сусаренко У.А. 2002 110101 8.7 8.6 7.8 7.9 8.3
Трофимов В.П. 2003 110101 7.8 6.9 8.5 7.3 7.6
Спивак Г.Г. 2002 110101 6.5 5.3 6.7 7.5 6.5
Спивак О.Г. 2002 110101 7.8 7.2 5.6 8.4 7.3
Инеев О.У. 1998 110101 7.8 6.9 8.5 7.3 7.6
dsfkfdsjfjfj dfd 2005 11155 1 8 5 6 5
Игорь А.В. 2003 110101 5.5 5.6 9 7.1 6.8
Федункив К.Н. 2001 110101 6.7 8.9 9.7 5.9 7.8
Сусаренко У.А. 2002 110101 8.7 8.6 7.8 7.9 8.3
Трофимов В.П. 2003 110101 7.8 6.9 8.5 7.3 7.6
Спивак Г.Г. 2002 110101 6.5 5.3 6.7 7.5 6.5
Спивак О.Г. 2002 110101 7.8 7.2 5.6 8.4 7.3
Инеев О.У. 1998 110101 7.8 6.9 8.5 7.3 7.6
dsfkfdsjfjfj dfd 2005 11155 1 8 5 6 5
Игорь А.В. 2003 110101 5.5 5.6 9 7.1 6.8
Федункив К.Н. 2001 110101 6.7 8.9 9.7 5.9 7.8
Сусаренко У.А. 2002 110101 8.7 8.6 7.8 7.9 8.3
Трофимов В.П. 2003 110101 7.8 6.9 8.5 7.3 7.6
Спивак Г.Г. 2002 110101 6.5 5.3 6.7 7.5 6.5
Спивак О.Г. 2002 110101 7.8 7.2 5.6 8.4 7.3
Инеев О.У. 1998 110101 7.8 6.9 8.5 7.3 7.6
dsfkfdsjfjfj dfd 2005 11155 1 8 5 6 5
Игорь А.В. 2003 110101 5.5 5.6 9 7.1 6.8
Федункив К.Н. 2001 110101 6.7 8.9 9.7 5.9 7.8
Сусаренко У.А. 2002 110101 8.7 8.6 7.8 7.9 8.3
Трофимов В.П. 2003 110101 7.8 6.9 8.5 7.3 7.6
Спивак Г.Г. 2002 110101 6.5 5.3 6.7 7.5 6.5
Спивак О.Г. 2002 110101 7.8 7.2 5.6 8.4 7.3
Инеев О.У. 1998 110101 7.8 6.9 8.5 7.3 7.6
dsfkfdsjfjfj dfd 2005 11155 1 8 5 6 5
Игорь А.В. 2003 110101 5.5 5.6 9 7.1 6.8
Федункив К.Н. 2001 110101 6.7 8.9 9.7 5.9 7.8
Сусаренко У.А. 2002 110101 8.7 8.6 7.8 7.9 8.3
Трофимов В.П. 2003 110101 7.8 6.9 8.5 7.3 7.6
Спивак Г.Г. 2002 110101 6.5 5.3 6.7 7.5 6.5
Спивак О.Г. 2002 110101 7.8 7.2 5.6 8.4 7.3
Инеев О.У. 1998 110101 7.8 6.9 8.5 7.3 7.6
dsfkfdsjfjfj dfd 2005 11155 1 8 5 6 5
Игорь А.В. 2003 110101 5.5 5.6 9 7.1 6.8
Федункив К.Н. 2001 110101 6.7 8.9 9.7 5.9 7.8
Сусаренко У.А. 2002 110101 8.7 8.6 7.8 7.9 8.3
Трофимов В.П. 2003 110101 7.8 6.9 8.5 7.3 7.6
Спивак Г.Г. 2002 110101 6.5 5.3 6.7 7.5 6.5
Спивак О.Г. 2002 110101 7.8 7.2 5.6 8.4 7.3
Инеев О.У. 1998 110101 7.8 6.9 8.5 7.3 7.6
dsfkfdsjfjfj dfd 2005 11155 1 8 5 6 5