Федункив К.Н. 2001 110101 6.7 8.9 9.7 5.9 7.8
Трофимов В.П. 2003 110101 7.8 6.9 8.5 7.3 7.6
Сусаренко У.А. 1902 122501 8.7 8.6 7.8 7.9 8.3
Спивак Г.Г. 2002 110101 6.5 5.3 6.7 7.5 6.5
Онеев Г.Д. 1998 110101 7 6 8 7 7.6
Медункив К.Н. 2005 11101 6 8 9 5 7.5
Ломенин О.Г. 2005 122225 8.5 4.6 9.5 8.1 8
Коменкин А.В. 2001 1225565 5.6 5.8 9.6 5.8 6.7
Инеев О.У. 1998 110101 7.8 6.9 8.5 7.3 7.6
Игоренко А.В. 2003 110101 5.5 5.6 9 7.1 6.8
Куркова А.Е. 2004 192837 9.9 8.1 9.3 9.6 9.2
Ануфриенко А.А. 2002 172408 9.1 9.2 9.4 9.4 9.3
Солодкая Е.И. 2009 190876 9 9 9 9 9
Кулинич В.В. 2009 421365 7 8 7 8 7.5
Чернышенко А.П. 2012 999056 9 9 9 9 9
Михолап Д.Д. 2014 900503 7 7 7 7 7
Черепко Я.А. 2004 199916 8 8 8 8 8
Никонова Ю.А. 2007 161786 7.3 7.8 8.2 7.3 7.7
Козак А.С. 2010 126656 9 9 9.1 9.2 9.1
Савельева П.Е. 2005 777718 7 8 9 9 8.3
Горбач М.А. 2008 980990 6 5.4 5.1 6.2 5.7
Миронович Е.В. 2006 444444 8.2 8.4 8.6 8.8 8.5 
Соколовский Я.В. 2004 095556 9.1 9.1 9.2 9.4 9.2
Капиджич Э.Э. 2001 120006 4.4 5.2 6.3 4.1  5  
Тишуров К.А. 2012 234568 9.8 9.8 9.9 8.1 9.4
Калашников И.О. 2009 982156 9.2 9.2 9.2 9.2 9.2
Лазуркин А.Л. 2013 199996 9.9 9.8 9.9 9.2 9.7
Шапляк А.М. 2013 777756 8.1 8.1 5.6 9.2 7.8 
Домосевич А.И. 2011 454446 7.1 7.5 7.1 7.2 7.3
Добровольский А.Э. 2003 112277 9 9 9 9 9  
Мельниченко В.В. 2005 800006 5.9 6.1 6.3 6.5 6.2  
Дурдомова И.И. 2004 120006 6 7 8 6 6.8
Пипулькина Я.Д. 2009 777456 4.1 6.1 8.1 5.1 5.9
Добросовестная С.В. 2005 133356 5 5 6 4 5
Шапокляк Л.Л. 2000 173756 9 9.2 9 9.2 9.1  
Голомако М.А. 2004 123416 9.9 9.9 9.9 9.9 9.9  
Машков М.А. 2009 948731 4 4 4 4 4
Жуковская О.Я. 2001 111117 8.3 8.4 8.6 8.2 8.4
Дементьева Е.Г. 2003 664728 9.6 9.3 9 8.7 9.2
Шапавалова Т.М. 2005 129876 7 7.1 7 7.3 7.1
Щигельский А.С. 2007 994327 8.2 8.4 8.6 8.1 8.4
Агафонова М.Н. 2003 225513 6.2 6.1 6 6 6.1
Федотова М.Л. 2008 345623 9 9.2 9.6 5.3 8.3
Агутин Л.Л. 2005 987654 7.7 7.2 8.1 7.6 7.7
Мазуров К.П. 2009 134996 8 8 4 6 6.5  
Шикович К.А. 2005 124536 4 5 6 4 4.8
Зуев Д.Д. 2001 456732 6 6 6 6 6
Чичиро Н.А. 2007 123456 8.6 7.7 9.3 8.4 8.5 
Бондаревич П.П. 2004 789645 7.2 7.3 7.3 7.5 7.3
Шкут И.В. 2003 222278 1 1.1 5 5.1 6.6
Каминская К.Н. 2004 918372 7 4.3 8.2 5.6 6.3
Запукина А.Д. 2002 113058 4 4.3 5.3 6.1 4.9
Менделеев В.П. 2000 121123 9.1 9.4 9.6 9.9 9.5