Мельниченко В.В. 2005 800006 5.9 6.1 6.3 6.5 6.2  
Дурдомова И.И. 2004 120006 6 7 8 6 6.8
Пипулькина Я.Д. 2009 777456 4.1 6.1 8.1 5.1 5.9
Добросовестная С.В. 2005 133356 5 5 6 4 5
Шапокляк Л.Л. 2000 173756 9 9.2 9 9.2 9.1  
Голомако М.А. 2004 123416 9.9 9.9 9.9 9.9 9.9  
Машков М.А. 2009 948731 4 4 4 4 4
Жуковская О.Я. 2001 111117 8.3 8.4 8.6 8.2 8.4
Дементьева Е.Г. 2003 664728 9.6 9.3 9 8.7 9.2
Шапавалова Т.М. 2005 129876 7 7.1 7 7.3 7.1
Щигельский А.С. 2007 994327 8.2 8.4 8.6 8.1 8.4
Агафонова М.Н. 2003 225513 6.2 6.1 6 6 6.1
Федотова М.Л. 2008 345623 9 9.2 9.6 5.3 8.3
Агутин Л.Л. 2005 987654 7.7 7.2 8.1 7.6 7.7
Мазуров К.П. 2009 134996 8 8 4 6 6.5  
Шикович К.А. 2005 124536 4 5 6 4 4.8
Зуев Д.Д. 2001 456732 6 6 6 6 6
Чичиро Н.А. 2007 123456 8.6 7.7 9.3 8.4 8.5 
Бондаревич П.П. 2004 789645 7.2 7.3 7.3 7.5 7.3
Шкут И.В. 2003 222278 8 8.1 5 5.1 6.6 
Каминская К.Н. 2004 918372 7 4.3 8.2 5.6 6.3
Запукина А.Д. 2002 113058 4 4.3 5.3 6.1 4.9
Менделеев В.П. 2000 121123 9.1 9.4 9.6 9.9 9.5