Голомако М.А. 2004 123416 9.9 9.9 9.9 9.9 9.9 
Лазуркин А.Л. 2013 199996 9.9 9.8 9.9 9.2 9.7 
Менделеев В.П. 2000 121123 9.1 9.4 9.6 9.9 9.5 
Тишуров К.А. 2012 234568 9.8 9.8 9.9 8.1 9.4 
Ануфриенко А.А. 2002 172408 9.1 9.2 9.4 9.4 9.3 
Куркова А.Е. 2004 192837 9.9 8.1 9.3 9.6 9.2 
Калашников И.О. 2009 982156 9.2 9.2 9.2 9.2 9.2 
Дементьева Е.Г. 2003 664728 9.6 9.3 9 8.7 9.2 
Соколовский Я.В. 2004 95556 9.1 9.1 9.2 9.4 9.2 
Шапокляк Л.Л. 2000 173756 9 9.2 9 9.2 9.1 
Козак А.С. 2010 126656 9 9 9.1 9.2 9.1 
Добровольский А.Э. 2003 112277 9 9 9 9 9 
Солодкая Е.И. 2009 190876 9 9 9 9 9 
Чернышенко А.П. 2012 999056 9 9 9 9 9 
Миронович Е.В. 2006 444444 8.2 8.4 8.6 8.8 8.5 
Чичиро Н.А. 2007 123456 8.6 7.7 9.3 8.4 8.5 
Щигельский А.С. 2007 994327 8.2 8.4 8.6 8.1 8.4 
Жуковская О.Я. 2001 111117 8.3 8.4 8.6 8.2 8.4 
Сусаренко У.А. 1902 122501 8.7 8.6 7.8 7.9 8.3 
Савельева П.Е. 2005 777718 7 8 9 9 8.3 
Федотова М.Л. 2008 345623 9 9.2 9.6 5.3 8.3 
Ломенин О.Г. 2005 122225 8.5 4.6 9.5 8.1 8 
Черепко Я.А. 2004 199916 8 8 8 8 8 
Шапляк А.М. 2013 777756 8.1 8.1 5.6 9.2 7.8 
Федункив К.Н. 2001 110101 6.7 8.9 9.7 5.9 7.8 
Агутин Л.Л. 2005 987654 7.7 7.2 8.1 7.6 7.7 
Никонова Ю.А. 2007 161786 7.3 7.8 8.2 7.3 7.7 
Онеев Г.Д. 1998 110101 7 6 8 7 7.6 
Инеев О.У. 1998 110101 7.8 6.9 8.5 7.3 7.6 
Трофимов В.П. 2003 110101 7.8 6.9 8.5 7.3 7.6 
Кулинич В.В. 2009 421365 7 8 7 8 7.5 
Медункив К.Н. 2005 11101 6 8 9 5 7.5 
Домосевич А.И. 2011 454446 7.1 7.5 7.1 7.2 7.3 
Бондаревич П.П. 2004 789645 7.2 7.3 7.3 7.5 7.3 
Марыгин Т.М. 2003 129876 7 7.1 7 7.3 7.1 
